,date,open,high,low,close,volume
0,09:15:00,15832.25,15862.25,15826.45,15847.0,0
1,09:18:00,15847.85,15852.1,15840.85,15845.8,0
2,09:21:00,15845.15,15845.35,15821.25,15821.75,0
3,09:24:00,15821.05,15823.1,15802.6,15808.4,0
4,09:27:00,15808.55,15833.5,15807.45,15831.3,0
5,09:30:00,15830.85,15849.2,15828.6,15836.1,0
6,09:33:00,15835.9,15836.1,15821.35,15823.95,0
7,09:36:00,15824.45,15825.3,15807.1,15808.8,0
8,09:39:00,15808.95,15813.3,15802.65,15804.35,0
9,09:42:00,15803.7,15804.4,15786.25,15793.4,0
10,09:45:00,15793.25,15808.95,15789.0,15799.95,0
11,09:48:00,15798.9,15799.3,15779.45,15789.4,0
12,09:51:00,15789.8,15795.15,15782.0,15794.35,0
13,09:54:00,15795.25,15795.25,15778.4,15788.65,0
14,09:57:00,15789.5,15789.5,15765.15,15768.7,0
15,10:00:00,15768.65,15779.55,15760.4,15765.1,0
16,10:03:00,15765.35,15781.75,15763.85,15775.6,0
17,10:06:00,15776.85,15783.9,15769.45,15779.0,0
18,10:09:00,15778.65,15782.9,15766.15,15766.35,0
19,10:12:00,15765.65,15773.85,15754.4,15756.95,0
20,10:15:00,15757.1,15762.4,15745.5,15746.1,0
21,10:18:00,15745.75,15751.5,15741.7,15749.85,0
22,10:21:00,15750.1,15751.1,15730.8,15730.8,0
23,10:24:00,15731.25,15740.2,15725.4,15740.05,0
24,10:27:00,15740.1,15740.1,15732.05,15732.65,0
25,10:30:00,15732.35,15732.6,15720.45,15722.05,0
26,10:33:00,15722.25,15749.85,15719.45,15749.55,0
27,10:36:00,15749.7,15753.0,15728.95,15728.95,0
28,10:39:00,15728.7,15735.1,15728.4,15733.55,0
29,10:42:00,15732.85,15734.25,15710.85,15713.35,0
30,10:45:00,15713.5,15721.4,15706.1,15719.6,0
31,10:48:00,15720.15,15724.65,15712.0,15724.65,0
32,10:51:00,15724.4,15732.3,15717.8,15726.1,0
33,10:54:00,15726.05,15732.1,15722.9,15731.3,0
34,10:57:00,15730.8,15743.35,15729.6,15729.6,0
35,11:00:00,15730.15,15735.15,15720.75,15721.35,0
36,11:03:00,15720.9,15725.5,15713.05,15713.6,0
37,11:06:00,15714.0,15714.0,15691.7,15695.9,0
38,11:09:00,15694.15,15699.8,15685.3,15699.45,0
39,11:12:00,15700.15,15704.65,15691.75,15696.3,0
40,11:15:00,15695.1,15696.5,15670.75,15671.45,0
41,11:18:00,15673.2,15673.2,15638.85,15638.85,0
42,11:21:00,15638.5,15647.1,15620.35,15623.15,0
43,11:24:00,15622.4,15642.3,15620.8,15636.5,0
44,11:27:00,15636.3,15642.8,15624.5,15629.25,0
45,11:30:00,15628.65,15642.55,15623.7,15641.9,0
46,11:33:00,15641.15,15660.2,15639.05,15655.1,0
47,11:36:00,15653.85,15654.35,15629.85,15634.1,0
48,11:39:00,15633.65,15638.9,15609.55,15609.6,0
49,11:42:00,15609.3,15623.75,15601.1,15620.2,0
50,11:45:00,15619.45,15624.3,15605.95,15606.8,0
51,11:48:00,15605.65,15606.4,15589.7,15589.7,0
52,11:51:00,15588.8,15606.7,15588.05,15597.6,0
53,11:54:00,15597.35,15606.35,15594.7,15600.35,0
54,11:57:00,15600.05,15607.4,15595.3,15598.65,0
55,12:00:00,15599.2,15599.35,15575.75,15576.4,0
56,12:03:00,15576.95,15578.3,15566.6,15572.55,0
57,12:06:00,15571.85,15572.55,15551.15,15551.4,0
58,12:09:00,15551.45,15566.7,15540.95,15561.1,0
59,12:12:00,15561.65,15573.8,15559.65,15573.2,0
60,12:15:00,15573.35,15611.35,15572.85,15596.0,0
61,12:18:00,15595.95,15598.9,15577.7,15580.2,0
62,12:21:00,15580.5,15580.6,15568.8,15571.3,0
63,12:24:00,15571.2,15579.85,15559.4,15565.75,0
64,12:27:00,15565.65,15566.05,15553.25,15560.9,0
65,12:30:00,15559.25,15581.7,15553.3,15581.7,0
66,12:33:00,15581.1,15581.1,15567.9,15575.85,0
67,12:36:00,15575.5,15584.75,15573.5,15576.15,0
68,12:39:00,15576.6,15578.15,15555.35,15555.5,0
69,12:42:00,15555.65,15555.65,15532.85,15550.0,0
70,12:45:00,15549.45,15549.45,15526.9,15536.3,0
71,12:48:00,15535.5,15539.35,15524.65,15537.4,0
72,12:51:00,15536.95,15536.95,15518.15,15524.65,0
73,12:54:00,15524.7,15524.9,15509.7,15509.8,0
74,12:57:00,15509.55,15543.55,15506.35,15536.65,0
75,13:00:00,15537.55,15537.55,15503.1,15503.1,0
76,13:03:00,15503.55,15508.85,15466.5,15482.1,0
77,13:06:00,15484.9,15488.2,15462.9,15465.75,0
78,13:09:00,15466.6,15480.15,15459.8,15472.45,0
79,13:12:00,15473.75,15476.35,15459.8,15469.65,0
80,13:15:00,15468.25,15487.8,15468.25,15473.4,0
81,13:18:00,15473.55,15474.5,15448.95,15449.1,0
82,13:21:00,15450.1,15464.0,15432.0,15432.0,0
83,13:24:00,15432.45,15435.55,15417.95,15426.35,0
84,13:27:00,15427.4,15428.6,15406.2,15406.8,0
85,13:30:00,15406.45,15415.35,15370.35,15403.65,0
86,13:33:00,15403.4,15462.8,15403.1,15454.9,0
87,13:36:00,15456.45,15477.25,15448.85,15477.25,0
88,13:39:00,15478.5,15478.9,15428.9,15433.6,0
89,13:42:00,15432.25,15444.7,15420.0,15436.05,0
90,13:45:00,15435.6,15447.6,15430.7,15446.1,0
91,13:48:00,15447.2,15462.9,15444.3,15458.65,0
92,13:51:00,15459.2,15459.2,15434.05,15439.5,0
93,13:54:00,15439.4,15444.15,15430.25,15435.8,0
94,13:57:00,15437.7,15456.0,15437.05,15455.25,0
95,14:00:00,15454.8,15456.35,15437.7,15439.25,0
96,14:03:00,15439.15,15445.15,15420.05,15423.4,0
97,14:06:00,15422.65,15427.7,15409.35,15412.65,0
98,14:09:00,15412.85,15427.75,15412.75,15427.1,0
99,14:12:00,15427.35,15438.15,15400.65,15401.1,0
100,14:15:00,15401.35,15410.25,15377.1,15377.5,0
101,14:18:00,15377.6,15381.15,15363.45,15365.9,0
102,14:21:00,15368.0,15382.35,15366.35,15382.05,0
103,14:24:00,15382.9,15406.95,15369.6,15406.1,0
104,14:27:00,15406.7,15426.65,15405.4,15412.75,0
105,14:30:00,15412.85,15419.15,15390.15,15393.25,0
106,14:33:00,15394.3,15398.65,15369.05,15375.15,0
107,14:36:00,15376.6,15378.35,15350.95,15351.55,0
108,14:39:00,15351.35,15367.75,15345.55,15366.4,0
109,14:42:00,15365.6,15374.95,15356.75,15359.5,0
110,14:45:00,15359.95,15376.7,15359.75,15361.1,0
111,14:48:00,15360.85,15369.15,15350.45,15350.45,0
112,14:51:00,15349.65,15360.2,15344.75,15360.15,0
113,14:54:00,15359.8,15392.3,15358.1,15391.2,0
114,14:57:00,15391.7,15401.6,15380.8,15381.4,0
115,15:00:00,15379.5,15396.1,15375.55,15378.3,0
116,15:03:00,15378.05,15383.65,15362.95,15370.15,0
117,15:06:00,15370.1,15376.25,15361.75,15372.35,0
118,15:09:00,15372.4,15383.4,15368.1,15381.3,0
119,15:12:00,15381.7,15388.15,15358.5,15359.55,0
120,15:15:00,15359.0,15363.3,15355.5,15355.75,0
121,15:18:00,15355.4,15357.35,15335.8,15340.1,0
122,15:21:00,15340.6,15353.5,15340.6,15348.05,0
123,15:24:00,15347.05,15349.8,15343.8,15344.95,0
124,15:27:00,15345.35,15351.75,15343.25,15348.2,0
125,15:30:00,15348.35,15348.35,15348.35,15348.35,0
